cpu  7297073 74005 2662430 164635199 81663 400813 255222 0 0 0
cpu0 3096386 11226 611601 17978236 11201 132265 82255 0 0 0
cpu1 3318456 10786 549352 17834865 13024 90546 62879 0 0 0
cpu2 270049 9958 482677 20863362 17884 66966 48546 0 0 0
cpu3 259433 9229 487880 20885183 17759 96589 54793 0 0 0
cpu4 43841 4086 49930 21939825 920 3292 1284 0 0 0
cpu5 133605 5324 222349 21673351 2211 3698 1228 0 0 0
cpu6 122823 5098 208745 21699217 1970 2944 980 0 0 0
cpu7 52478 18293 49893 21761157 16691 4510 3253 0 0 0
intr 365488389 0 0 0 0 108079024 0 6373625 0 1935645 0 0 0 0 202 1474975 0 1 0 2 0 2 0 2 0 2 3 0 0 2 1 0 0 843054 369905 0 139443 0 0 0 0 0 0 0 0 0 0 0 0 0 0 0 0 0 0 0 0 82 0 0 0 9 0 0 0 0 0 168948 0 0 0 3 9 0 0 0 0 0 0 0 0 0 0 0 0 0 0 0 0 0 0 0 0 0 0 3565 0 0 0 71 0 0 0 0 0 0 0 0 761490 10472810 17721 0 0 27 0 0 0 0 0 0 0 11 11 0 5 0 5 0 0 0 0 0 0 0 0 0 0 5 0 5 0 0 0 0 0 0 0 0 0 0 0 0 0 0 0 0 0 0 0 0 0 0 472 15074 6 1759612 2221128 228217 0 0 0 0 0 558817 77324 0 0 0 0 0 0 0 0 0 0 0 0 0 0 0 0 0 0 0 0 0 0 0 0 0 0 0 0 0 0 0 0 0 0 0 0 0 3 0 0 0 1107 0 171898 0 998 0 0 0 0 0 0 0 0 0 0 0 0 0 0 0 0 0 0 0 0 0 0 0 0 0 0 0 0 0 0 0 0 0 0 0 0 0 0 0 0 0 0 0 0 0 0 0 0 0 0 0 0 0 0 0 0 0 0 0 0 0 0 0 0 0 0 0 0 0 0 0 0 0 0 0 2127 0 1 0 2 0 0 0 162 0 0 0 0 0 0 0 0 0 0 0 0 0 0 0 0 0 0 0 0 0 0 0 0 0 0 0 0 0 0 0 0 0 0 0 0 0 0 0 0 0 0 0 0 0 0 0 0 0 0 0 0 0 0 0 0 0 0 0 0 0 0 0 0 0 0 0 0 0 0 0 0 0 0 0 0 0 0 0 0 0 0 0 0 0 0 0 0 0 0 0 0 0 0 0 0 0 0 6 4 45 4 0 0 0 0 0 0 0 0 0 0 0 0 0 0 0 0 0 0 0 0 0 0 0 0 0 0 0 0 0 0 0 0 0 0 0 0 0 0 0 0 0 0 0 0 0 0 0 0 0 0 0 0 0 0 0 0 0 0 0 0 0 0 0 0 0 0 0 0 0 0 0 0 0 0 0 0 0 0 0 0 0 0 18 6767986 11109 1507 0 12146 175364 1064 0 120714 38484 202 0 0 0 712233 0 1 0 0 2075070 0 0 0 0 0 0 0 0 0 0 0 0 0 1 0 1 0 0 1 0 1 0 1 0 1 0 1 0 1 0 0 3 105242 0 0 0 0 20 0 0 0 0 0 0 0 0 0 4 87 0 12 6 6 6 6 6 0 3 51 0 0 0 0 0 0 0 16 0 6 0 0 6 0 0 0 3389 0 3513 0 0 0 432673 10826 2700357 0 0 0 0 0 0 0 1 0 0 0 0 0 0 0 0 0 0 0 0 0 0 0 0 0 0 0 0 0 0 0 0 99509 0 0
ctxt 377555664
btime 1648660471
processes 50177
procs_running 1
procs_blocked 0
softirq 149524150 10481468 56824998 58666 3841266 645645 0 2452516 52831872 0 22387719
